[map]
geoset=.\maps\indonesia.gst
grid=.\maps\GRID\indonesia.grd
centerx=112.5
centery=-6.5

[ship]
posx=112.5
posy=-6.5
speed=30.0
heading=330
thisshipid=VSL0042

[sonarradar]
range=1000

[targets]
number=5

[target1]
shipid=0
speed=35
heading=300
posx=112.460344128683
posy=-6.53027716437355
soundfile=sound/soundfname/sonar001.wav
freq=9.3

[target2]
shipid=1
speed=33
heading=110
posx=112.454906062037
posy=-6.51703488550459
soundfile=sound/soundfname/sonar002.wav
freq=9.3

[target3]
shipid=2
speed=23
heading=20
posx=112.49663920862
posy=-6.55725742264961
soundfile=sound/soundfname/sonar003.wav
freq=9.3

[target4]
shipid=3
speed=20
heading=20
posx=112.472439542909
posy=-6.44436203883961
soundfile=sound/soundfname/sonar004.wav
freq=9.3

[target5]
shipid=3
speed=20
heading=20
posx=112.572439542909
posy=-6.84436203883961
soundfile=sound/soundfname/sonar005.wav
freq=9.3

[target5]
shipid=4
speed=0
heading=270
posx=112.477056738113
posy=-6.47364333678658
soundfile=sound/soundfname/1500hz.wav
freq=9.3



[multiplayer]
serverip=192.168.0.167
;serverport=5001
serverport=2120
autoconnect=0

[game]
playmode=1
;1=netclientmode


;Scale=
